7.40,5.88,3.97,3.31,2.48
7.41,5.93,4.01,3.30,2.58
7.39,5.93,4.00,3.27,2.62
7.38,5.92,4.01,3.34,2.69
7.39,5.87,3.99,3.28,2.74
7.38,5.86,4.01,3.30,2.82
7.40,5.87,4.03,3.30,2.85
7.42,5.89,4.05,3.33,2.93
7.38,5.90,4.06,3.29,3.00
7.38,5.92,4.04,3.32,3.04
7.40,5.92,4.04,3.28,3.09
7.40,5.89,4.04,3.32,3.13
7.39,5.86,4.07,3.28,3.21
7.37,5.88,4.06,3.29,3.26
7.39,5.91,4.08,3.34,3.30
7.40,5.89,4.11,3.30,3.33
7.36,5.93,4.08,3.30,3.40
7.38,5.92,4.06,3.34,3.48
7.35,5.89,4.07,3.31,3.47
7.36,5.89,4.07,3.28,3.51
7.35,5.89,4.07,3.31,3.55
7.38,5.91,4.13,3.27,3.52
7.35,5.92,4.11,3.32,3.60
7.38,5.94,4.09,3.32,3.61
7.38,5.91,4.13,3.29,3.67
7.38,5.89,4.15,3.29,3.66
7.33,5.88,4.12,3.30,3.66
7.37,5.89,4.12,3.30,3.68
7.38,5.90,4.13,3.28,3.70
7.38,5.92,4.15,3.31,3.69
7.35,5.93,4.16,3.26,3.70
7.37,5.92,4.18,3.29,3.67
7.35,5.89,4.18,3.29,3.69
7.35,5.89,4.19,3.29,3.70
7.39,5.86,4.20,3.30,3.71
7.35,5.90,4.19,3.27,3.68
7.37,5.92,4.15,3.31,3.65
7.38,5.94,4.18,3.29,3.65
7.35,5.92,4.20,3.29,3.62
7.37,5.87,4.19,3.27,3.60
7.37,5.86,4.22,3.27,3.56
7.37,5.88,4.20,3.31,3.50
7.34,5.89,4.19,3.28,3.48
7.37,5.91,4.24,3.30,3.44
7.39,5.94,4.23,3.32,3.40
7.33,5.92,4.23,3.32,3.35
7.38,5.89,4.25,3.33,3.29
7.36,5.86,4.25,3.29,3.21
7.35,5.89,4.25,3.28,3.19
7.40,5.90,4.20,3.32,3.11
7.38,5.94,4.24,3.30,3.10
7.33,5.92,4.25,3.32,3.04
7.36,5.91,4.24,3.30,2.96
7.37,5.89,4.27,3.32,2.94
7.35,5.86,4.30,3.32,2.89
7.37,5.88,4.27,3.31,2.81
7.35,5.90,4.26,3.31,2.78
7.37,5.91,4.32,3.31,2.73
7.38,5.93,4.28,3.30,2.60
7.34,5.91,4.27,3.30,2.59
7.35,5.89,4.31,3.32,2.51
7.34,5.86,4.31,3.29,2.44
7.35,5.87,4.30,3.33,2.39
7.32,5.91,4.33,3.30,2.30
7.34,5.95,4.31,3.32,2.24
7.35,5.95,4.31,3.30,2.17
7.36,5.91,4.34,3.29,2.12
7.37,5.89,4.35,3.34,2.07
7.31,5.89,4.33,3.29,1.98
7.33,5.88,4.35,3.27,1.94
7.35,5.89,4.35,3.28,1.91
7.30,5.92,4.41,3.29,1.84
7.33,5.94,4.35,3.34,1.80
7.34,5.91,4.39,3.30,1.71
7.36,5.87,4.37,3.32,1.68
7.35,5.86,4.37,3.28,1.64
7.33,5.88,4.39,3.31,1.61
7.33,5.89,4.40,3.31,1.55
7.33,5.92,4.42,3.34,1.55
7.37,5.93,4.40,3.28,1.49
7.32,5.92,4.39,3.31,1.46
7.33,5.88,4.39,3.30,1.43
7.34,5.88,4.42,3.28,1.42
7.33,5.87,4.43,3.30,1.37
7.33,5.89,4.45,3.29,1.38
7.31,5.91,4.44,3.26,1.35
7.33,5.94,4.45,3.31,1.33
7.32,5.91,4.46,3.31,1.31
7.35,5.88,4.44,3.29,1.31
7.34,5.86,4.42,3.27,1.32
7.32,5.88,4.42,3.33,1.32
7.34,5.91,4.42,3.30,1.31
7.31,5.91,4.49,3.32,1.32
7.35,5.92,4.45,3.33,1.31
7.32,5.91,4.49,3.29,1.35
7.33,5.91,4.49,3.32,1.34
7.29,5.88,4.52,3.29,1.32
7.33,5.88,4.51,3.30,1.41
7.28,5.91,4.49,3.30,1.41
7.28,5.94,4.49,3.30,1.41
7.31,5.93,4.50,3.32,1.46
7.30,5.91,4.51,3.30,1.48
7.31,5.90,4.50,3.30,1.57
7.36,5.88,4.52,3.29,1.58
7.30,5.88,4.55,3.31,1.58
7.30,5.89,4.49,3.28,1.66
7.31,5.94,4.53,3.29,1.69
7.32,5.95,4.52,3.30,1.78
7.31,5.92,4.55,3.29,1.77
7.31,5.89,4.56,3.30,1.80
7.32,5.85,4.55,3.29,1.90
7.31,5.88,4.57,3.34,1.95
7.28,5.90,4.53,3.33,2.00
7.31,5.93,4.59,3.31,2.03
7.31,5.94,4.56,3.30,2.14
7.28,5.91,4.59,3.34,2.22
7.31,5.87,4.58,3.31,2.21
7.28,5.88,4.53,3.30,2.34
7.32,5.87,4.58,3.30,2.37
7.31,5.89,4.60,3.30,2.48
7.30,5.92,4.63,3.33,2.51
7.28,5.92,4.61,3.30,2.56
7.30,5.89,4.62,3.34,2.65
7.26,5.90,4.59,3.28,2.70
7.28,5.87,4.65,3.31,2.74
7.31,5.89,4.66,3.28,2.83
7.25,5.92,4.63,3.34,2.86
7.31,5.92,4.63,3.29,2.89
7.26,5.91,4.61,3.30,3.03
7.31,5.91,4.66,3.32,3.04
7.28,5.88,4.70,3.32,3.09
7.31,5.86,4.67,3.28,3.16
7.29,5.88,4.69,3.29,3.17
7.26,5.88,4.67,3.27,3.23
7.31,5.93,4.65,3.30,3.29
7.31,5.91,4.70,3.30,3.34
7.28,5.92,4.66,3.29,3.39
7.28,5.89,4.68,3.28,3.46
7.28,5.87,4.70,3.29,3.46
7.27,5.88,4.72,3.28,3.51
7.31,5.89,4.71,3.31,3.55
7.27,5.92,4.72,3.33,3.55
7.28,5.91,4.69,3.26,3.60
7.27,5.91,4.69,3.30,3.60
7.27,5.91,4.72,3.29,3.66
7.25,5.89,4.71,3.31,3.67
7.31,5.89,4.70,3.28,3.68
7.28,5.91,4.71,3.30,3.66
7.30,5.92,4.73,3.28,3.70
7.28,5.94,4.71,3.31,3.69
7.26,5.91,4.72,3.30,3.71
7.27,5.89,4.72,3.30,3.70
7.26,5.87,4.76,3.31,3.68
7.28,5.88,4.77,3.29,3.70
7.26,5.89,4.81,3.27,3.69
7.27,5.92,4.74,3.31,3.65
7.25,5.92,4.77,3.30,3.67
7.25,5.91,4.80,3.30,3.61
7.30,5.91,4.79,3.32,3.59
7.25,5.87,4.79,3.32,3.57
7.25,5.88,4.83,3.28,3.52
7.28,5.91,4.80,3.28,3.50
7.29,5.93,4.79,3.33,3.47
7.24,5.92,4.79,3.33,3.47
7.26,5.91,4.83,3.28,3.42
7.25,5.89,4.83,3.27,3.34
7.23,5.88,4.80,3.29,3.33
7.28,5.88,4.81,3.29,3.26
7.26,5.92,4.85,3.27,3.21
7.26,5.92,4.86,3.30,3.17
7.25,5.93,4.84,3.27,3.10
7.27,5.91,4.87,3.27,3.09
7.25,5.90,4.87,3.32,2.99
7.25,5.85,4.83,3.28,2.91
7.23,5.87,4.86,3.30,2.90
7.23,5.89,4.88,3.31,2.80
7.28,5.93,4.87,3.32,2.74
7.25,5.94,4.84,3.29,2.63
7.26,5.93,4.88,3.30,2.64
7.25,5.87,4.91,3.28,2.58
7.24,5.88,4.93,3.33,2.52
7.24,5.88,4.86,3.31,2.46
7.26,5.89,4.96,3.28,2.41
7.24,5.93,4.89,3.30,2.31
7.25,5.92,4.94,3.31,2.27
7.25,5.89,4.95,3.31,2.17
7.27,5.88,4.95,3.34,2.12
7.26,5.86,4.94,3.33,2.09
7.25,5.87,4.92,3.29,2.02
7.23,5.91,4.96,3.30,1.93
7.21,5.92,4.94,3.27,1.91
7.26,5.95,4.90,3.30,1.84
7.26,5.91,5.02,3.30,1.78
7.24,5.87,4.98,3.35,1.75
7.25,5.86,5.01,3.30,1.69
7.25,5.86,4.95,3.26,1.62
7.25,5.89,5.01,3.28,1.58
7.25,5.93,5.02,3.30,1.60
7.22,5.92,5.02,3.27,1.50
7.26,5.89,5.00,3.28,1.50
7.21,5.89,4.98,3.29,1.47
7.25,5.87,5.00,3.31,1.44
7.25,5.88,4.97,3.30,1.38
7.25,5.90,4.98,3.28,1.37
7.27,5.93,5.02,3.31,1.36
7.26,5.93,5.01,3.29,1.36
7.21,5.92,5.02,3.29,1.31
7.19,5.89,5.03,3.27,1.29
7.25,5.88,5.08,3.28,1.32
7.21,5.88,5.07,3.31,1.32
7.22,5.89,5.05,3.27,1.30
7.24,5.92,5.08,3.30,1.29
7.19,5.92,5.04,3.31,1.31
7.18,5.92,5.06,3.29,1.31
7.23,5.87,5.09,3.30,1.34
7.22,5.89,5.05,3.28,1.31
7.21,5.88,5.08,3.33,1.36
7.22,5.89,5.06,3.32,1.38
7.20,5.91,5.09,3.30,1.38
7.18,5.92,5.13,3.26,1.44
7.21,5.91,5.08,3.28,1.46
7.20,5.88,5.11,3.32,1.49
7.18,5.87,5.09,3.33,1.53
7.22,5.87,5.09,3.30,1.54
7.21,5.91,5.09,3.32,1.61
7.22,5.92,5.15,3.29,1.66
7.19,5.93,5.18,3.29,1.70
7.20,5.92,5.15,3.30,1.76
7.19,5.91,5.12,3.31,1.77
7.19,5.86,5.16,3.27,1.82
7.21,5.87,5.14,3.32,1.91
7.19,5.89,5.17,3.33,1.96
7.21,5.93,5.16,3.27,2.05
7.21,5.92,5.17,3.27,2.08
7.25,5.91,5.18,3.31,2.11
7.18,5.89,5.16,3.29,2.20
7.22,5.86,5.17,3.25,2.23
7.20,5.86,5.15,3.31,2.28
7.20,5.89,5.18,3.30,2.43
7.17,5.90,5.16,3.29,2.44
7.19,5.91,5.20,3.34,2.51
7.21,5.91,5.19,3.30,2.58
7.20,5.89,5.21,3.28,2.66
7.20,5.87,5.22,3.30,2.69
7.19,5.86,5.19,3.28,2.78
7.22,5.89,5.21,3.28,2.79
7.19,5.93,5.21,3.31,2.84
7.15,5.94,5.25,3.29,2.96
7.18,5.91,5.28,3.29,3.02
7.15,5.88,5.26,3.33,3.05
7.13,5.88,5.24,3.32,3.10
7.18,5.87,5.29,3.31,3.16
7.21,5.89,5.23,3.31,3.19
7.19,5.92,5.29,3.31,3.28
7.17,5.94,5.26,3.33,3.31
7.17,5.92,5.22,3.30,3.36
7.21,5.90,5.33,3.34,3.40
7.19,5.86,5.32,3.28,3.46
7.18,5.89,5.27,3.29,3.48
7.18,5.89,5.30,3.27,3.52
7.18,5.92,5.29,3.29,3.51
7.20,5.95,5.30,3.31,3.58
7.19,5.92,5.28,3.33,3.64
7.18,5.88,5.30,3.28,3.61
7.16,5.87,5.33,3.30,3.64
7.19,5.88,5.33,3.29,3.68
7.16,5.91,5.35,3.28,3.70
7.20,5.92,5.33,3.27,3.70
7.15,5.91,5.39,3.30,3.66
7.18,5.91,5.33,3.26,3.71
7.18,5.89,5.36,3.30,3.68
7.15,5.87,5.32,3.30,3.68
7.21,5.89,5.33,3.28,3.70
7.20,5.91,5.39,3.28,3.68
7.16,5.93,5.35,3.27,3.69
7.18,5.92,5.39,3.34,3.72
7.18,5.92,5.38,3.27,3.66
7.11,5.91,5.36,3.33,3.64
7.18,5.88,5.38,3.31,3.58
7.17,5.88,5.39,3.29,3.56
7.17,5.90,5.39,3.27,3.52
7.15,5.94,5.42,3.32,3.49
7.16,5.92,5.42,3.33,3.45
7.16,5.91,5.40,3.28,3.42
7.18,5.89,5.40,3.29,3.39
7.17,5.88,5.43,3.32,3.33
7.16,5.87,5.43,3.31,3.27
7.19,5.91,5.46,3.34,3.23
7.15,5.92,5.49,3.29,3.22
7.15,5.93,5.46,3.31,3.15
7.12,5.91,5.45,3.27,3.12
7.19,5.88,5.45,3.34,3.06
7.18,5.87,5.44,3.28,2.98
7.18,5.89,5.44,3.26,2.94
7.17,5.89,5.45,3.30,2.84
7.15,5.92,5.47,3.30,2.85
7.16,5.94,5.47,3.34,2.77
7.15,5.90,5.50,3.29,2.68
7.15,5.89,5.48,3.30,2.60
7.15,5.86,5.49,3.31,2.57
7.18,0.40,5.47,3.33,2.46
7.16,0.40,5.54,3.30,2.42
7.15,0.40,5.52,3.32,2.39
7.14,0.40,5.55,3.31,2.31
7.14,0.40,5.54,3.29,2.24
7.18,5.89,5.56,3.30,2.21
7.15,5.87,5.53,3.30,2.11
7.15,5.89,5.55,3.28,2.08
7.14,5.89,5.60,3.32,2.00
7.12,5.94,5.52,3.27,1.94
7.14,5.93,5.57,3.32,1.91
7.16,5.93,5.59,3.32,1.83
7.13,5.89,5.57,3.30,1.83
7.14,5.86,5.58,3.28,1.74
7.13,5.88,5.60,3.29,1.74
7.14,5.91,5.56,3.31,1.63
7.11,5.92,5.59,3.31,1.62
7.13,5.94,5.57,3.30,1.54
7.11,5.91,5.58,3.32,1.50
7.15,5.86,5.58,3.29,1.50
7.11,5.88,5.60,3.30,1.48
7.15,5.88,5.61,3.27,1.41
7.16,5.90,5.62,3.31,1.43
7.12,5.92,5.58,3.30,1.36
7.11,5.94,5.66,3.29,1.36
7.13,5.91,5.65,3.32,1.35
7.13,5.88,5.64,3.31,1.34
7.11,5.87,5.63,3.25,1.28
7.14,5.89,5.64,3.30,1.34
7.17,5.89,5.65,3.27,1.31
7.12,5.94,5.66,3.32,1.29
7.12,5.92,5.62,3.35,1.28
7.10,5.90,5.67,3.29,1.27
7.13,5.90,5.72,3.30,1.29
7.10,5.87,5.63,3.29,1.34
7.10,5.86,5.70,3.31,1.33
7.15,5.89,5.69,3.31,1.33
7.10,5.94,5.68,3.32,1.37
7.14,5.94,5.72,3.28,1.44
7.15,5.91,5.67,3.33,1.42
7.12,5.89,5.70,3.28,1.45
7.13,5.88,5.74,3.30,1.52
7.15,5.87,5.71,3.32,1.54
7.11,5.91,5.71,3.31,1.57
7.10,5.92,5.72,3.28,1.60
7.08,5.92,5.71,3.28,1.62
7.11,5.91,5.76,3.29,1.67
7.14,5.89,5.72,3.30,1.74
7.13,5.87,5.76,3.32,1.79
7.09,5.87,5.72,3.27,1.85
7.09,5.89,5.77,3.31,1.91
7.10,5.94,5.75,3.31,1.96
7.11,5.93,5.71,3.31,2.02
7.10,5.92,5.77,3.31,2.05
7.11,5.90,5.75,3.33,2.09
7.11,5.88,5.77,3.31,2.18
7.10,5.90,5.81,3.32,2.23
7.10,5.89,5.76,3.31,2.30
7.11,5.93,5.77,3.34,2.37
7.10,5.92,5.82,3.26,2.41
7.11,5.93,5.80,3.32,2.48
7.14,5.91,5.84,3.29,2.56
7.11,5.85,5.82,3.29,2.63
7.10,5.86,5.79,3.28,2.67
7.06,5.91,5.82,3.26,2.76
7.11,5.93,5.85,3.29,2.81
7.05,5.94,5.85,3.28,2.85
7.07,5.91,5.84,3.31,2.93
7.11,5.89,5.84,3.27,3.03
7.11,5.88,5.84,3.33,3.03
7.09,5.88,5.84,3.30,3.12
7.05,5.91,5.89,3.29,3.18
7.08,5.90,5.86,3.28,3.24
7.08,5.94,5.84,3.28,3.24
7.10,5.90,5.86,3.28,3.34
7.13,5.89,5.89,3.29,3.35
7.09,5.87,5.89,3.30,3.39
7.07,5.87,5.88,3.29,3.43
7.06,5.91,5.88,3.27,3.48
7.08,5.91,5.89,3.29,3.51
7.08,5.92,5.86,3.28,3.53
7.06,5.90,5.88,3.30,3.60
7.08,5.89,5.93,3.34,3.58
7.06,5.88,5.91,3.31,3.60
7.10,5.89,5.93,3.29,3.66
7.10,5.90,5.95,3.27,3.68
7.10,5.94,5.94,3.27,3.70
7.07,5.93,5.93,3.26,3.67
7.08,5.91,5.97,3.31,3.71
7.08,5.89,5.96,3.28,3.71
7.07,5.88,5.94,3.30,3.73
7.07,5.87,5.97,3.29,3.68
7.05,5.90,5.97,3.30,3.70
7.05,5.92,5.95,3.33,3.68
7.08,5.93,5.97,3.28,3.64
7.07,5.91,5.97,3.29,3.65
7.08,5.90,5.94,3.28,3.67
7.09,5.86,5.97,3.32,3.61
7.03,5.88,5.97,3.28,3.58
7.05,5.89,5.97,3.28,3.59
7.07,5.93,5.96,3.27,3.56
7.08,5.94,5.97,3.27,3.52
7.06,5.91,5.97,3.31,3.46
7.08,5.91,5.97,3.35,3.43
7.07,5.88,5.97,3.28,3.41
7.04,5.89,5.97,3.32,3.33
7.05,5.91,5.97,3.30,3.29
7.08,5.92,5.97,3.28,3.27
7.07,5.92,5.97,3.29,3.24
7.02,5.92,5.97,3.29,3.13
7.08,5.89,5.97,3.28,3.05
7.07,5.87,5.97,3.34,3.02
7.08,5.88,5.97,3.26,2.97
7.05,5.88,5.97,3.31,2.93
7.05,5.92,5.97,3.31,2.88
7.03,5.91,5.97,3.29,2.81
7.11,5.92,5.97,3.30,2.74
7.05,5.88,5.97,3.32,2.69
7.08,5.86,5.97,3.30,2.61
7.04,5.88,5.97,3.31,2.56
7.05,5.90,5.97,3.31,2.49
7.01,5.91,5.97,3.26,2.49
7.04,5.91,5.97,3.33,2.39
7.07,5.90,5.97,3.35,2.30
7.02,5.86,5.97,3.32,2.23
7.07,5.86,5.97,3.32,2.18
7.05,5.89,5.97,3.27,2.10
7.02,5.89,5.97,3.30,2.06
7.03,5.93,5.97,3.28,2.00
7.03,5.92,5.97,3.29,1.97
7.04,5.92,5.97,3.32,1.89
7.03,5.88,5.97,3.28,1.83
7.02,5.87,5.97,3.30,1.77
7.03,5.88,5.97,3.26,1.72
7.01,5.92,5.97,3.30,1.70
7.01,5.92,5.97,3.30,1.65
7.04,5.93,5.97,3.28,1.63
7.05,5.91,5.97,3.28,1.55
7.01,5.89,5.97,3.34,1.55
7.04,5.87,5.97,3.27,1.50
7.02,5.88,5.97,3.28,1.46
7.01,5.90,5.97,3.28,1.39
7.05,5.94,5.97,3.32,1.38
7.02,5.91,5.97,3.34,1.39
7.06,5.91,5.97,3.31,1.39
7.01,5.89,5.97,3.28,1.34
7.04,5.86,5.97,3.29,1.34
7.02,5.87,5.97,3.32,1.30
7.01,5.90,5.97,3.28,1.30
7.04,5.91,5.97,3.33,1.29
7.02,5.93,5.97,3.33,1.32
7.04,5.94,5.97,3.30,1.31
7.02,5.90,5.97,3.31,1.30
7.00,5.86,5.97,3.31,1.31
7.02,5.87,5.97,3.33,1.34
7.02,5.89,5.97,3.28,1.35
7.04,5.94,5.97,3.32,1.34
7.00,5.92,5.97,3.29,1.41
7.01,5.91,5.97,3.28,1.41
6.98,5.89,5.97,3.30,1.43
7.03,5.88,5.97,3.29,1.49
6.99,5.87,5.97,3.28,1.52
6.98,5.89,5.97,3.27,1.53
7.01,5.91,5.97,3.28,1.58
7.04,5.92,5.97,3.33,1.59
6.98,5.89,5.97,3.34,1.64
6.99,5.89,5.97,3.31,1.65
7.00,5.86,5.97,3.32,1.77
6.98,5.88,5.97,3.29,1.75
7.01,5.92,5.97,3.30,1.86
6.99,5.94,5.97,3.30,1.88
6.99,5.92,5.97,3.28,1.94
7.01,5.92,5.97,3.28,2.01
6.99,5.90,5.97,3.30,2.08
7.01,5.86,5.97,3.29,2.14
6.98,5.86,5.97,3.28,2.22
6.98,5.90,5.97,3.31,2.26
6.97,5.91,5.97,3.29,2.33
7.04,5.94,5.97,3.32,2.36
6.99,5.89,5.97,3.30,2.45
7.01,5.88,5.97,3.29,2.50
7.00,5.87,5.97,3.30,2.55
7.00,5.88,5.97,3.29,2.62
7.00,5.90,5.97,3.28,2.69
7.04,5.92,5.97,3.29,2.75
6.98,5.93,5.97,3.31,2.82
6.96,5.92,5.97,3.31,2.86
6.98,5.86,5.97,3.32,2.91
6.97,5.87,5.97,3.26,3.00
7.01,5.87,5.97,3.29,3.01
7.01,5.90,5.97,3.29,3.09
6.97,5.92,5.97,3.30,3.19
6.96,5.92,5.97,3.29,3.15
6.98,5.91,5.97,3.29,3.24
7.01,5.89,5.97,3.31,3.32
6.93,5.88,5.97,3.30,3.31
7.00,5.87,5.97,3.27,3.45
6.96,5.92,5.97,3.33,3.38
7.01,5.95,5.97,3.32,3.50
6.96,5.91,5.97,3.29,3.54
6.98,5.92,5.97,3.32,3.56
6.95,5.91,5.97,3.28,3.56
6.96,5.88,5.97,3.32,3.60
7.01,5.88,5.97,3.29,3.60
7.00,5.90,5.97,3.28,3.66
6.97,5.92,5.97,3.29,3.64
6.96,5.93,5.97,3.28,3.67
6.94,5.91,5.97,3.30,3.70
6.97,5.89,5.97,3.30,3.67
6.98,5.86,5.97,3.30,3.69
6.98,5.87,5.97,3.29,3.70
6.97,5.89,5.97,3.23,3.67
6.95,5.92,5.97,3.30,3.71
6.97,5.92,5.97,3.26,3.69
6.97,5.91,5.97,3.30,3.64
7.00,5.90,5.97,3.32,3.66
7.01,5.88,5.97,3.30,3.63
6.97,5.88,5.97,3.29,3.61
6.95,5.91,5.97,3.29,3.60
6.97,5.92,5.97,3.30,3.55
6.95,5.93,5.97,3.29,3.56
6.95,5.91,5.97,3.29,3.49
6.96,5.89,5.97,3.28,3.49
6.95,5.86,5.97,3.32,3.43
6.98,5.89,5.97,3.30,3.41
6.96,5.90,5.97,3.32,3.34
6.97,5.92,5.97,3.29,3.29
6.95,5.92,5.97,3.30,3.23
6.95,5.91,5.97,3.29,3.22
6.94,5.89,5.97,3.31,3.17
6.95,5.86,5.97,3.32,3.14
6.95,5.89,5.97,3.30,3.07
6.96,5.89,5.97,3.28,2.99
6.95,5.90,5.97,3.28,2.93
6.93,5.92,5.97,3.33,2.88
6.95,5.89,5.97,3.29,2.81
6.92,5.89,5.97,3.29,2.78
6.94,5.88,5.97,3.33,2.71
6.95,5.88,5.97,3.32,2.61
6.91,5.89,5.97,3.31,2.55
6.95,5.92,5.97,3.29,2.53
6.95,5.95,5.97,3.35,2.44
6.95,5.92,5.97,3.31,2.37
6.94,5.89,5.97,3.31,2.34
6.94,5.88,5.97,3.29,2.24
6.92,5.90,5.97,3.27,2.18
6.94,5.91,5.97,3.27,2.12
6.93,5.92,5.97,3.31,2.03
6.95,5.94,5.97,3.31,2.03
6.91,5.92,5.97,3.29,1.93
6.95,5.88,5.97,3.27,1.89
6.95,5.86,5.97,3.27,1.83
6.94,5.88,5.97,3.29,1.81
6.93,5.89,5.97,3.27,1.74
6.95,5.92,5.97,3.32,1.70
6.91,5.93,5.97,3.32,1.62
6.95,5.94,5.97,3.36,1.61
6.94,5.88,5.97,3.32,1.54
6.94,5.87,5.97,3.29,1.53
6.94,5.88,5.97,3.28,1.50
6.92,5.91,5.97,3.23,1.46
6.93,5.94,5.97,3.29,1.47
6.95,5.92,5.97,3.29,1.41
6.94,5.91,5.97,3.32,1.39
6.93,5.87,5.97,3.31,1.36
6.90,5.86,5.97,3.31,1.34
6.94,5.88,5.97,3.30,1.34
6.95,5.90,5.97,3.31,1.34
6.95,5.91,5.97,3.33,1.28
6.93,5.92,5.97,3.28,1.32
6.89,5.91,5.97,3.29,1.31
6.95,5.89,5.97,3.27,1.32
6.92,5.86,5.97,3.33,1.31
6.87,5.88,5.97,3.32,1.29
6.93,5.88,5.97,3.31,1.30
6.89,5.91,5.97,3.27,1.38
6.89,5.95,5.97,3.30,1.36
6.91,5.89,5.97,3.29,1.35
6.95,5.88,5.97,3.30,1.41
6.91,5.87,5.97,3.29,1.42
6.92,5.87,5.97,3.31,1.42
6.95,5.89,5.97,3.29,1.45
6.95,5.92,5.97,3.32,1.50
6.91,5.93,5.97,3.30,1.57
6.91,5.91,5.97,3.29,1.61
6.88,5.87,5.97,3.30,1.65
6.90,5.87,5.97,3.29,1.70
6.92,5.87,5.97,3.32,1.75
6.91,5.89,5.97,3.29,1.75
6.91,5.92,5.97,3.30,1.84
6.93,5.94,5.97,3.29,1.88
6.89,5.92,5.97,3.27,1.93
6.91,5.88,5.97,3.32,2.00
6.92,5.88,5.97,3.28,2.07
6.91,5.89,5.97,3.31,2.13
6.92,5.91,5.97,3.31,2.16
6.91,5.94,5.97,3.26,2.24
6.90,5.93,5.97,3.28,2.35
6.91,5.91,5.97,3.29,2.36
6.88,5.89,5.
